CAMERA_RIGHT

uWidthPixels 1241
uHeightPixels 376

dFx 469.8960716280004
dFy 468.1438849121085
dCx 375.2015644784387
dCy 233.2718971993311

matIntrinsic 469.8960716280004 0 375.2015644784387 0 468.1438849121085 233.2718971993311 0 0 1
vecDistortionCoefficients -0.2786354177535735 0.07230699700225292 -0.0003789301271210703 8.083561308516752e-05
dFocalLengthMeters 0.0028

vecQuaternionToIMU -0.00186686047363 6.55239757426e-05 -0.00862255915657 0.999961080249
vecTranslationToIMU -0.0434705406089 0.00417949317011 -0.00942355850866

matRectification 0.999990753148139 0.0005481502260720453 -0.004265342840574327 -0.0005419629065900193 0.9999987995316526 0.001451623732757562 0.004266133428042508 -0.0014492986522044342 0.9999898497679818
matProjection 7.188560000000e+02 0.0 6.071928000000e+02 -3.861448000000e+02 0.0 7.188560000000e+02 1.852157000000e+02 0.0 0.0 0.0 1.0 0.0

matRotationIntrinsicCAMERAtoIMU -1 0 0 0 -1 0 0 0 1

