CAMERA_LEFT

uWidthPixels 1226
uHeightPixels 370

dFx 468.2793078854663
dFy 466.4527618561632
dCx 368.7120388971904
dCy 215.186116509721

matIntrinsic 468.2793078854663 0 368.7120388971904 0 466.4527618561632 215.186116509721 0 0 1
vecDistortionCoefficients -0.2796582742482296 0.0733556480116312 -0.0009278639320681781 -8.855407606759842e-06
dFocalLengthMeters 0.0028

vecQuaternionToIMU -0.00333631563313 0.00154028789643 -0.0114620263178 0.999927556608
vecTranslationToIMU 0.0666914200614 0.0038316133947 -0.0101029245794

matRectification 0.9999606380973329 -0.005153089493488114 -0.0072227366452659965 0.005142607646202396 0.9999856976355481 -0.0014690510348766648 0.007230203494507346 0.0014318495095343982 0.9999728366132802
matProjection 7.070912000000e+02 0.0 6.018873000000e+02 0.0 0.0 7.070912000000e+02 1.831104000000e+02 0.0 0.0 0.0 1.0 0.0

matRotationIntrinsicCAMERAtoIMU -1 0 0 0 -1 0 0 0 1

